"Zphz"
2.81885686201652
0.887674377203566
-0.611082883332465
-2.45099079136129
-3.04195809184142
-3.9450405399353
-4.82660520761159
-5.340594583108
-5.76977307510928
-6.28499284440345
-6.41629417779373
-6.79294247526508
-7.10340951875297
-7.38666707289725
-7.45663464834685
-7.86757875145665
-7.90203878035192
-8.13211738492095
-8.39666157297322
-8.48199134377593
-8.58715413669325
-8.65845742644822
-8.63067389468835
-9.07424494833628
-9.28992299719788
-9.32469369927541
-9.45217606239113
-9.49628360314398
-9.9739798732854
-10.0758757705945
-10.4444735068834
-10.5556697575525
-11.0096539444359
-11.1193312484168
-11.2947734915548
-11.6812122345476
-11.8330030248177
-12.2299913444747
-12.4101180951224
-12.5375883903073
-12.6143174509547
-12.5784566830357
-11.697238299518
-11.2982219952357
-10.8827403546536
-10.0129773898587
-9.21935999662208
-8.18819546401306
-7.45501521376776
-6.60119989614186
-6.49519812676511
-6.45402478450567
-6.09072859971594
-6.34286792882642
-6.06800924925683
-6.42477933021633
-7.04983260329537
-6.9100304109692
-8.36036074903729
-10.4667284058913
-11.6266540233776
-13.7194983856859
-16.057525399237
-19.0119495593127
-19.0285147495374
-26.1686012202627
-30.7834189467599
-30.0409854339135
2.70385567015111
0.74037184882222
-0.717732208150694
-2.47199002507619
-3.3307117956063
-4.08049563586856
-4.98762657213878
-5.38697800468607
-6.10183407091714
-6.14485498484359
-6.6290250163608
-6.8892437630313
-7.16636656012722
-7.45155116688105
-7.65949026649406
-7.75479469958541
-8.09852437618811
-8.26806867824754
-8.52864033063621
-8.61697694976211
-8.71770776394569
-8.78901079868145
-8.76122726692159
-8.97639236538603
-9.07116642719554
-9.2496327432616
-9.21270287714368
-9.28274351388353
-9.64126085253689
-9.78561154764259
-9.89526433006913
-10.0298649681189
-10.225222237289
-10.4242074886522
-10.4977172480004
-10.7112437400559
-10.8478460582568
-11.0733661036741
-11.1822981906634
-11.3669415174058
-11.4393860004189
-11.3338204134005
-10.1747776017902
-9.96878564090368
-9.34139851099474
-8.73298598354877
-7.56951321683114
-6.55321490444668
-5.94374400020961
-5.53994287611671
-4.82520314346688
-4.54070070647107
-4.11993701248669
-3.98724908748361
-4.05700485480511
-4.16670565427126
-4.18383078550462
-4.40114960553502
-5.27618799791339
-5.63566954861629
-6.41890635007225
-7.75298746947334
-8.9665652739728
-10.9189866196002
-12.6149231256709
-15.198595332046
-17.6184481643861
-16.3930694552318
2.76942717448921
0.551335683346301
-0.893035042388752
-2.51383206092277
-3.4476845668017
-4.39002146064235
-5.09290147878276
-5.66960834611415
-6.12321817191812
-6.52120431513887
-6.90599208429213
-7.2994986094788
-7.47303750171842
-7.73696360601779
-7.86810688802064
-8.19492907283101
-8.17399229279274
-8.25127314245716
-8.40867158111238
-8.58397331050351
-8.68102547267983
-8.74570489364889
-8.73497122159997
-8.87943264217087
-9.09496405499059
-9.17482884289985
-9.21101192923058
-9.31434233493503
-9.26068978693874
-9.34509323460507
-9.43213665409964
-9.5611771084604
-9.63245159552954
-9.75060770346771
-9.81894669345029
-10.0018874173804
-10.1628500155482
-10.3480086817014
-10.4573458623741
-10.5131305255771
-10.6351560917584
-10.3789544160985
-9.10630574592829
-8.72936446983378
-8.50394897275811
-7.3977594865458
-6.60380915448646
-5.76821107800548
-5.12875383660605
-4.71055031043227
-3.846247773129
-3.39523751505726
-3.09581491361786
-2.98527091442849
-2.98907454497783
-3.07360676009393
-3.07527669318334
-3.37680827672522
-3.72492689424197
-3.96422036316228
-4.60143543654109
-5.21770206080734
-6.20014855402083
-6.38661690560821
-8.4265502895609
-10.2461520161896
-12.0942720195747
-11.9975532124924
2.45260541686358
0.244877002702238
-1.50209310154939
-3.15006359458473
-4.16681518871594
-5.22644185166783
-5.81033370499738
-6.57808934518782
-7.00145833034382
-7.51570715011446
-7.77352334907658
-8.0184270021727
-8.21804970634787
-8.62447391338953
-8.61745167266661
-8.88672341632566
-9.04025782260651
-9.13545020103225
-9.3001159271958
-9.44875284869235
-9.56568904133018
-9.57462924953944
-9.54803665745888
-9.30920388066949
-9.47499405290935
-9.56623045869838
-9.60204988764524
-9.60341695683951
-9.58957975214198
-9.59998045532841
-9.56926753754067
-9.55177958653417
-9.50220620952873
-9.52068490504232
-9.57880935585686
-9.44917585923105
-9.36917494042628
-9.17342919669953
-9.03450770248871
-8.71719420038787
-8.30016413196929
-7.65933007884115
-6.64429192813018
-6.00859355439453
-5.42806160970021
-4.41420654408387
-4.00522869315646
-3.38024779573197
-2.88697184999178
-2.62332209436258
-2.28110895919173
-2.10378897399776
-1.98628342071668
-1.88324159792741
-1.92867741070752
-1.99445738446926
-2.20353713845927
-2.54125537315286
-2.76383356978676
-3.13048206382693
-3.61345222815161
-4.1209186672356
-5.16818633092976
-5.37071076250609
-6.57708365344004
-8.48222923344448
-9.93734661044525
-9.9600438447866
2.14076316753725
0.203383125846492
-1.78405782543634
-3.25123741585819
-4.39533794756074
-5.57999352425538
-6.11856663914381
-6.70276261378399
-7.40456343552321
-7.81256914282413
-8.11047771785246
-8.48322701717679
-8.66116895681533
-8.95181878171045
-9.15177638894374
-9.32477676663404
-9.4638841472683
-9.51817588234912
-9.65140171796953
-9.81794276000152
-9.93922345978637
-9.95649846061632
-9.94846934027311
-9.64494369797378
-9.81263095806681
-9.86709443755136
-9.87587212299595
-9.87723919219021
-9.84392489584245
-9.84392489584245
-9.82454232479064
-9.76594568970083
-9.67344282624566
-9.64887699108824
-9.61669136623802
-9.31373155958494
-9.12913446607828
-8.8771247156773
-8.4262411870857
-8.15056865081324
-7.67988828370177
-7.12862068918994
-5.92103884039472
-5.1627954822031
-4.76032388102442
-3.78902506443572
-3.55241699889737
-3.04886111396308
-2.72691388194385
-2.67800678675558
-2.60627232969076
-2.7663663516489
-2.72727927720328
-2.69335804701085
-2.85470624998112
-2.83786472818316
-3.08999576283056
-3.75723720607023
-4.09894614920035
-4.5134040954618
-5.37317029881433
-6.08501525860765
-7.09984476462136
-7.73792119195313
-9.02255666687134
-10.6529274524964
-12.186762169044
-13.6057628945662
2.43360133407462
0.179087987241744
-1.71704583536649
-3.28533527253419
-4.41049249907784
-5.34242638489535
-6.32371516308066
-6.81080139302011
-7.23607705522485
-7.88267214461507
-8.10751842040414
-8.52017737895916
-8.66474795120142
-8.98451909945528
-8.80216801076075
-9.15307245768242
-9.48511697951539
-9.53714567418634
-9.62503525442768
-9.81779291757925
-9.8865844298865
-9.89310450585667
-9.9241748912572
-9.37732744509919
-9.79584108286201
-9.57180803885282
-9.58077618326296
-9.55765974601794
-9.53773013255414
-9.52220558353549
-9.43413272561709
-9.39979234060048
-9.30744746444615
-9.24233561612141
-9.13716439579764
-8.89111342794649
-8.4499137985013
-8.12779389277435
-7.6609120564102
-7.16388995517166
-6.50765207082838
-5.96416294993153
-5.07287843343147
-4.35690558319734
-4.02630333210227
-3.28547995007095
-3.12350647136013
-2.59760792370897
-2.41691693850121
-2.12268187630652
-2.18307726843226
-2.18675654596161
-2.16229654420351
-2.09732294170704
-2.2662352223351
-2.42293503907659
-2.65080667711847
-2.92232551543358
-3.15062729437127
-3.63572617641774
-4.17981604713386
-4.74569482788353
-5.5998947338355
-6.2528189339248
-7.40589396534342
-8.34275776154305
-10.3985305377266
-10.9396012404574
