"Idc"
-0.000836844267025934
-0.000777842261997114
-0.000636316946340924
-0.000476856222618356
-0.000362062013638687
-0.000275923032257087
-0.000195414535434633
-0.000127802192254635
-0.000111102456232885
-8.05343027849585e-05
-5.49165564528905e-05
-2.9357988672542e-05
-1.88002601380188e-05
-8.00847365296776e-06
1.92505340004861e-06
1.92481002454152e-05
2.96305415827092e-05
3.94602658346706e-05
4.36881787557746e-05
4.71939721916116e-05
5.19791287501426e-05
5.62393992070601e-05
6.02878537044022e-05
5.88891093048875e-05
6.13642626046287e-05
6.24111475908625e-05
6.79367832539623e-05
7.09840557699625e-05
6.90622820313339e-05
6.80707048822136e-05
6.73586487599981e-05
6.68720130497713e-05
6.66743063739412e-05
6.59161072923554e-05
6.55307657298102e-05
6.54234342873062e-05
6.15451881648712e-05
6.04651003028179e-05
6.17768562083988e-05
5.88812700496546e-05
5.7176283162045e-05
5.64676109172141e-05
5.52270847942681e-05
5.15350391629814e-05
5.1491959430515e-05
5.00444911916097e-05
5.97846742406334e-05
6.00881907194128e-05
6.62956106166609e-05
7.95130362072347e-05
0.000161806530961453
0.00016254420152602
0.000157050861159435
0.000155599692715381
0.000157315110750565
0.00015653731357152
0.00015537570502096
0.000158369212183543
0.000152410287810444
0.00014371986086069
0.000148687664641395
0.000145130082605861
0.000143723428972505
0.000133302042347863
0.000142012978622832
0.000131557899781048
0.0001325369617394
0.000132725751596341
-0.000741567801295694
-0.00071308481203466
-0.000693220188464612
-0.0005665455609651
-0.000482268837668654
-0.000403868261820822
-0.000339221260598733
-0.000268350345885797
-0.000251010755384957
-0.000237497485398236
-0.000227530337995227
-0.000198703186725138
-0.000169005124937807
-0.000152840041780588
-0.000130311105700409
-0.000110009339021784
-9.12211662059822e-05
-7.92451238478011e-05
-6.52135161791288e-05
-5.62367039003569e-05
-4.59788016795857e-05
-3.70828620699871e-05
-3.16019387705769e-05
-3.17220147361944e-05
-2.60732806459047e-05
-1.65894559580705e-05
-1.1643386249534e-05
-5.62159343620736e-06
-4.5550778098883e-06
-3.25420713775861e-06
-1.72773367567498e-06
1.97338212958792e-07
9.19278747009101e-07
1.35896753791774e-06
2.42585493581761e-06
4.73677386801872e-06
5.620874794651e-06
6.10797100187477e-06
6.19136261810751e-06
5.84672704763366e-06
6.91515501836361e-06
6.78858545498787e-06
5.50215932384814e-06
3.21345111125605e-06
3.23684247754292e-06
3.46069584274435e-06
2.17489550623499e-05
1.04049957979871e-05
2.66571369239735e-05
2.84777757116656e-05
0.000111190921967149
0.000112511783682908
0.000112624598277959
0.000114591296384814
0.000115983212752406
0.000119021975703245
0.00011924205805385
0.000122249953548053
0.000122040308456986
0.000123275157522185
0.000123188870770417
0.000123159056394476
0.000125244909746355
0.000113345977476998
0.000112764926285389
0.00011171646640035
0.000111863370465373
0.000118744878886049
-0.000639055489370613
-0.00059625056422267
-0.000537898538646111
-0.000428956093997889
-0.000382948667253305
-0.000335262316449445
-0.000289245544121456
-0.000235907285538953
-0.000224494665506532
-0.000195356819934261
-0.000191315927569909
-0.000174758121619033
-0.000157706622206477
-0.000147028722775248
-0.0001314878380983
-0.000112862321312599
-9.80898582527558e-05
-8.82648306344719e-05
-7.6007369402789e-05
-6.81228541927605e-05
-6.21540519653375e-05
-5.35126194468246e-05
-4.20712769388179e-05
-4.26382297062895e-05
-3.5927182729502e-05
-2.65224874195788e-05
-2.37010952614256e-05
-1.5914000494756e-05
-1.68114532174267e-05
-1.44368373434335e-05
-1.2601631646503e-05
-1.17522018505166e-05
-1.07056909446853e-05
-9.34026058595344e-06
-7.76108753543858e-06
-6.60213071318226e-06
-9.71405025695978e-06
-8.89390909860394e-06
-3.36303023211777e-06
-2.99672938492374e-06
-7.31691317599263e-07
-2.36718008594966e-06
-4.02952494041348e-06
-6.42015785543103e-06
-8.90481861269525e-06
-9.26706747859752e-06
-7.72455128070067e-06
-1.61715568732397e-06
-1.56839056963661e-06
2.98956666926808e-07
0.000100541233269787
9.52043956020347e-05
9.92816471054253e-05
9.86509664513083e-05
0.000109076070526696
0.000110414231180425
0.00011295855006523
0.000115322699945899
0.000118156787287467
0.00011853905263456
0.00012280442468014
0.000118853368477759
0.000122461107559872
0.000122160131780261
0.000121676653624838
0.000120580461529857
0.000113229507696985
0.00011013362622641
-0.000485438967004297
-0.000455044530228593
-0.000377668831995001
-0.000308062606654732
-0.000255537783048233
-0.000227218074105951
-0.000185161702162326
-0.000155466726648884
-0.000153118448813117
-0.000139161576126192
-0.000127257734557187
-0.000107732261456053
-9.13097770144511e-05
-8.70001195421034e-05
-7.98319914168847e-05
-6.21517129385716e-05
-5.25790809482606e-05
-4.23434155393324e-05
-3.16732376535263e-05
-2.50436649217448e-05
-2.06125696878355e-05
-1.34914850211627e-05
-6.9357093185382e-06
-4.88715919635367e-06
1.78088650152422e-06
1.02704116718638e-05
1.2746879941049e-05
1.59443829686578e-05
1.57310109589124e-05
1.60389271878303e-05
1.67112707465067e-05
1.80689416686076e-05
2.03636214483487e-05
1.89827461943564e-05
1.95996851835518e-05
2.23080114477204e-05
2.08109672028714e-05
2.07529638711667e-05
2.15265927546603e-05
2.57743442438779e-05
2.40638432607273e-05
2.70800510598002e-05
2.86760357043085e-05
2.59219443699943e-05
2.61612283701642e-05
2.26319253604436e-05
8.95702662461736e-06
1.06416784178352e-05
1.07093598760065e-05
1.22719897972843e-05
0.000104575252054679
0.000104937823150838
0.000107336295198739
0.000107768967860579
0.000109906060711779
0.000120517660281291
0.000122501390597978
0.000123527446974116
0.000120039278263412
0.000121775008905267
0.000122067335410285
0.00012522064973768
0.00012543696441216
0.000137817994343944
0.000141215695263166
0.000140968742685658
0.000143378638824379
0.00014351000065229
-0.000280131366524471
-0.000238524838505771
-0.000160035822090707
-9.8783551193122e-05
-7.55677898847628e-05
-1.79710775882152e-05
2.96757739458595e-05
6.84212442352619e-05
5.82287422652397e-05
6.52047381784959e-05
8.56686703414642e-05
0.000103201368725723
0.000122180463854259
0.000136256535656781
0.000157673331555869
0.000165347732283873
0.000173611495293613
0.000178815727470207
0.000191393815409208
0.0001967703013093
0.000199822752145948
0.000203697031879758
0.000209595349953361
0.000220403419319246
0.000226375000880165
0.00023175015137796
0.000232566870448609
0.000236478415497653
0.000237880089067099
0.000239352879525151
0.000244181607102456
0.000242145089663036
0.000244458151775706
0.000246147356827349
0.00024747512816456
0.000251484235404186
0.000248503820058712
0.000252264062959993
0.00025195111786831
0.000248033549160442
0.000247745265249253
0.000248075871654194
0.000249208237816623
0.000249075398481426
0.000249109477623646
0.000246771417627673
0.000241419985134388
0.000235931155408262
0.00023610903084193
0.000234279933592686
0.000321531987662931
0.000321644663574188
0.00032267672791752
0.000322931411940353
0.000323952582568267
0.000327391802660303
0.000329918094168886
0.000328347103452761
0.000329525954839616
0.000329778166432581
0.000329736939641779
0.000328972646183764
0.00032861280975837
0.000329262981058266
0.000327101944364037
0.000323655260214927
0.000319640927532653
0.000302912508179859
-0.000185904492981176
-0.00013592033971929
-7.77145217647866e-05
-4.23606395800391e-06
4.30716552511437e-05
9.36588031898155e-05
0.000126529943450985
0.000161052454796637
0.000148977306399925
0.000165029529364788
0.000175367238475165
0.000201657762398571
0.000210389967495818
0.000225498015709321
0.000247370935460986
0.00025504214315767
0.000265783638938189
0.000270183863449763
0.000277187839772957
0.000281161245545644
0.000287981609674081
0.000292790458746289
0.000301625139187915
0.000305168239769104
0.000308818127875422
0.0003144767597267
0.000318512080130457
0.00032300881693177
0.000323790469982968
0.000324202511137085
0.000325114955182642
0.000326535224599172
0.000327686144627151
0.00032998712294081
0.000331500555408453
0.000332341277095096
0.000333922492068945
0.000334108189685606
0.000334497978275234
0.000335099357095316
0.000334911170486639
0.000335130016649853
0.000336029200892792
0.000333789827890752
0.000331492873529793
0.000326956138788947
0.000320331499216652
0.000320331965408471
0.000319308244186291
0.000323547980517446
0.000406332343155972
0.000407353006849714
0.00040776835531014
0.000409045398688025
0.000410837162286643
0.000416298931534466
0.000417452609413975
0.000421879766900618
0.000427898249309834
0.000422760660551729
0.000429198101838231
0.000431592859081553
0.000429338829332112
0.000430083408139629
0.000431973005032108
0.000431020510560552
0.000429460765156874
0.000428693829950001
