"Freq"	"predicted_Idc"	"predicted_Zphz"
100007	-0.000836844267025934	2.81885686201652
79433.6	-0.000777842261997114	0.887674377203566
63105.5	-0.000636316946340924	-0.611082883332465
50123.7	-0.000476856222618356	-2.45099079136129
39811.2	-0.000362062013638687	-3.04195809184142
31634.1	-0.000275923032257087	-3.9450405399353
25123.7	-0.000195414535434633	-4.82660520761159
19954.4	-0.000127802192254635	-5.340594583108
15852.9	-0.000111102456232885	-5.76977307510928
12587.2	-8.05343027849585e-05	-6.28499284440345
9998.2	-5.49165564528905e-05	-6.41629417779373
7942.6	-2.9357988672542e-05	-6.79294247526508
6311.1	-1.88002601380188e-05	-7.10340951875297
5011.18	-8.00847365296776e-06	-7.38666707289725
3980.93	1.92505340004861e-06	-7.45663464834685
3162.67	1.92481002454152e-05	-7.86757875145665
2511.16	2.96305415827092e-05	-7.90203878035192
1995.37	3.94602658346706e-05	-8.13211738492095
1584.49	4.36881787557746e-05	-8.39666157297322
1259.04	4.71939721916116e-05	-8.48199134377593
999.95	5.19791287501426e-05	-8.58715413669325
794.163	5.62393992070601e-05	-8.65845742644822
630.984	6.02878537044022e-05	-8.63067389468835
501.303	5.88891093048875e-05	-9.07424494833628
398.209	6.13642626046287e-05	-9.28992299719788
316.113	6.24111475908625e-05	-9.32469369927541
251.185	6.79367832539623e-05	-9.45217606239113
199.495	7.09840557699625e-05	-9.49628360314398
158.533	6.90622820313339e-05	-9.9739798732854
125.911	6.80707048822136e-05	-10.0758757705945
100.009	6.73586487599981e-05	-10.4444735068834
79.4083	6.68720130497713e-05	-10.5556697575525
63.0971	6.66743063739412e-05	-11.0096539444359
50.0083	6.59161072923554e-05	-11.1193312484168
40.0059	6.55307657298102e-05	-11.2947734915548
31.5793	6.54234342873062e-05	-11.6812122345476
24.9911	6.15451881648712e-05	-11.8330030248177
20.0011	6.04651003028179e-05	-12.2299913444747
15.7934	6.17768562083988e-05	-12.4101180951224
12.5002	5.88812700496546e-05	-12.5375883903073
9.9987	5.7176283162045e-05	-12.6143174509547
7.89389	5.64676109172141e-05	-12.5784566830357
6.31623	5.52270847942681e-05	-11.697238299518
4.99748	5.15350391629814e-05	-11.2982219952357
3.97302	5.1491959430515e-05	-10.8827403546536
3.15718	5.00444911916097e-05	-10.0129773898587
2.51085	5.97846742406334e-05	-9.21935999662208
1.99489	6.00881907194128e-05	-8.18819546401306
1.58325	6.62956106166609e-05	-7.45501521376776
1.25729	7.95130362072347e-05	-6.60119989614186
1.00006	0.000161806530961453	-6.49519812676511
0.794599	0.00016254420152602	-6.45402478450567
0.631058	0.000157050861159435	-6.09072859971594
0.501187	0.000155599692715381	-6.34286792882642
0.398272	0.000157315110750565	-6.06800924925683
0.316296	0.00015653731357152	-6.42477933021633
0.251206	0.00015537570502096	-7.04983260329537
0.199461	0.000158369212183543	-6.9100304109692
0.158526	0.000152410287810444	-8.36036074903729
0.125872	0.00014371986086069	-10.4667284058913
0.099994	0.000148687664641395	-11.6266540233776
0.079449	0.000145130082605861	-13.7194983856859
0.063103	0.000143723428972505	-16.057525399237
0.050134	0.000133302042347863	-19.0119495593127
0.039809	0.000142012978622832	-19.0285147495374
0.031626	0.000131557899781048	-26.1686012202627
0.025116	0.0001325369617394	-30.7834189467599
0.019954	0.000132725751596341	-30.0409854339135
100007	-0.000741567801295694	2.70385567015111
79433.6	-0.00071308481203466	0.74037184882222
63105.5	-0.000693220188464612	-0.717732208150694
50123.7	-0.0005665455609651	-2.47199002507619
39811.2	-0.000482268837668654	-3.3307117956063
31634.1	-0.000403868261820822	-4.08049563586856
25123.7	-0.000339221260598733	-4.98762657213878
19954.4	-0.000268350345885797	-5.38697800468607
15852.9	-0.000251010755384957	-6.10183407091714
12587.2	-0.000237497485398236	-6.14485498484359
9998.2	-0.000227530337995227	-6.6290250163608
7942.6	-0.000198703186725138	-6.8892437630313
6311.1	-0.000169005124937807	-7.16636656012722
5011.18	-0.000152840041780588	-7.45155116688105
3980.93	-0.000130311105700409	-7.65949026649406
3162.67	-0.000110009339021784	-7.75479469958541
2511.16	-9.12211662059822e-05	-8.09852437618811
1995.37	-7.92451238478011e-05	-8.26806867824754
1584.49	-6.52135161791288e-05	-8.52864033063621
1259.04	-5.62367039003569e-05	-8.61697694976211
999.95	-4.59788016795857e-05	-8.71770776394569
794.163	-3.70828620699871e-05	-8.78901079868145
630.984	-3.16019387705769e-05	-8.76122726692159
501.303	-3.17220147361944e-05	-8.97639236538603
398.209	-2.60732806459047e-05	-9.07116642719554
316.113	-1.65894559580705e-05	-9.2496327432616
251.185	-1.1643386249534e-05	-9.21270287714368
199.495	-5.62159343620736e-06	-9.28274351388353
158.533	-4.5550778098883e-06	-9.64126085253689
125.911	-3.25420713775861e-06	-9.78561154764259
100.009	-1.72773367567498e-06	-9.89526433006913
79.4083	1.97338212958792e-07	-10.0298649681189
63.0971	9.19278747009101e-07	-10.225222237289
50.0083	1.35896753791774e-06	-10.4242074886522
40.0059	2.42585493581761e-06	-10.4977172480004
31.5793	4.73677386801872e-06	-10.7112437400559
24.9911	5.620874794651e-06	-10.8478460582568
20.0011	6.10797100187477e-06	-11.0733661036741
15.7934	6.19136261810751e-06	-11.1822981906634
12.5002	5.84672704763366e-06	-11.3669415174058
9.9987	6.91515501836361e-06	-11.4393860004189
7.89389	6.78858545498787e-06	-11.3338204134005
6.31623	5.50215932384814e-06	-10.1747776017902
4.99748	3.21345111125605e-06	-9.96878564090368
3.97302	3.23684247754292e-06	-9.34139851099474
3.15718	3.46069584274435e-06	-8.73298598354877
2.51085	2.17489550623499e-05	-7.56951321683114
1.99489	1.04049957979871e-05	-6.55321490444668
1.58325	2.66571369239735e-05	-5.94374400020961
1.25729	2.84777757116656e-05	-5.53994287611671
1.00006	0.000111190921967149	-4.82520314346688
0.794599	0.000112511783682908	-4.54070070647107
0.631058	0.000112624598277959	-4.11993701248669
0.501187	0.000114591296384814	-3.98724908748361
0.398272	0.000115983212752406	-4.05700485480511
0.316296	0.000119021975703245	-4.16670565427126
0.251206	0.00011924205805385	-4.18383078550462
0.199461	0.000122249953548053	-4.40114960553502
0.158526	0.000122040308456986	-5.27618799791339
0.125872	0.000123275157522185	-5.63566954861629
0.099994	0.000123188870770417	-6.41890635007225
0.079449	0.000123159056394476	-7.75298746947334
0.063103	0.000125244909746355	-8.9665652739728
0.050134	0.000113345977476998	-10.9189866196002
0.039809	0.000112764926285389	-12.6149231256709
0.031626	0.00011171646640035	-15.198595332046
0.025116	0.000111863370465373	-17.6184481643861
0.019954	0.000118744878886049	-16.3930694552318
100007	-0.000639055489370613	2.76942717448921
79433.6	-0.00059625056422267	0.551335683346301
63105.5	-0.000537898538646111	-0.893035042388752
50123.7	-0.000428956093997889	-2.51383206092277
39811.2	-0.000382948667253305	-3.4476845668017
31634.1	-0.000335262316449445	-4.39002146064235
25123.7	-0.000289245544121456	-5.09290147878276
19954.4	-0.000235907285538953	-5.66960834611415
15852.9	-0.000224494665506532	-6.12321817191812
12587.2	-0.000195356819934261	-6.52120431513887
9998.2	-0.000191315927569909	-6.90599208429213
7942.6	-0.000174758121619033	-7.2994986094788
6311.1	-0.000157706622206477	-7.47303750171842
5011.18	-0.000147028722775248	-7.73696360601779
3980.93	-0.0001314878380983	-7.86810688802064
3162.67	-0.000112862321312599	-8.19492907283101
2511.16	-9.80898582527558e-05	-8.17399229279274
1995.37	-8.82648306344719e-05	-8.25127314245716
1584.49	-7.6007369402789e-05	-8.40867158111238
1259.04	-6.81228541927605e-05	-8.58397331050351
999.95	-6.21540519653375e-05	-8.68102547267983
794.163	-5.35126194468246e-05	-8.74570489364889
630.984	-4.20712769388179e-05	-8.73497122159997
501.303	-4.26382297062895e-05	-8.87943264217087
398.209	-3.5927182729502e-05	-9.09496405499059
316.113	-2.65224874195788e-05	-9.17482884289985
251.185	-2.37010952614256e-05	-9.21101192923058
199.495	-1.5914000494756e-05	-9.31434233493503
158.533	-1.68114532174267e-05	-9.26068978693874
125.911	-1.44368373434335e-05	-9.34509323460507
100.009	-1.2601631646503e-05	-9.43213665409964
79.4083	-1.17522018505166e-05	-9.5611771084604
63.0971	-1.07056909446853e-05	-9.63245159552954
50.0083	-9.34026058595344e-06	-9.75060770346771
40.0059	-7.76108753543858e-06	-9.81894669345029
31.5793	-6.60213071318226e-06	-10.0018874173804
24.9911	-9.71405025695978e-06	-10.1628500155482
20.0011	-8.89390909860394e-06	-10.3480086817014
15.7934	-3.36303023211777e-06	-10.4573458623741
12.5002	-2.99672938492374e-06	-10.5131305255771
9.9987	-7.31691317599263e-07	-10.6351560917584
7.89389	-2.36718008594966e-06	-10.3789544160985
6.31623	-4.02952494041348e-06	-9.10630574592829
4.99748	-6.42015785543103e-06	-8.72936446983378
3.97302	-8.90481861269525e-06	-8.50394897275811
3.15718	-9.26706747859752e-06	-7.3977594865458
2.51085	-7.72455128070067e-06	-6.60380915448646
1.99489	-1.61715568732397e-06	-5.76821107800548
1.58325	-1.56839056963661e-06	-5.12875383660605
1.25729	2.98956666926808e-07	-4.71055031043227
1.00006	0.000100541233269787	-3.846247773129
0.794599	9.52043956020347e-05	-3.39523751505726
0.631058	9.92816471054253e-05	-3.09581491361786
0.501187	9.86509664513083e-05	-2.98527091442849
0.398272	0.000109076070526696	-2.98907454497783
0.316296	0.000110414231180425	-3.07360676009393
0.251206	0.00011295855006523	-3.07527669318334
0.199461	0.000115322699945899	-3.37680827672522
0.158526	0.000118156787287467	-3.72492689424197
0.125872	0.00011853905263456	-3.96422036316228
0.099994	0.00012280442468014	-4.60143543654109
0.079449	0.000118853368477759	-5.21770206080734
0.063103	0.000122461107559872	-6.20014855402083
0.050134	0.000122160131780261	-6.38661690560821
0.039809	0.000121676653624838	-8.4265502895609
0.031626	0.000120580461529857	-10.2461520161896
0.025116	0.000113229507696985	-12.0942720195747
0.019954	0.00011013362622641	-11.9975532124924
100007	-0.000485438967004297	2.45260541686358
79433.6	-0.000455044530228593	0.244877002702238
63105.5	-0.000377668831995001	-1.50209310154939
50123.7	-0.000308062606654732	-3.15006359458473
39811.2	-0.000255537783048233	-4.16681518871594
31634.1	-0.000227218074105951	-5.22644185166783
25123.7	-0.000185161702162326	-5.81033370499738
19954.4	-0.000155466726648884	-6.57808934518782
15852.9	-0.000153118448813117	-7.00145833034382
12587.2	-0.000139161576126192	-7.51570715011446
9998.2	-0.000127257734557187	-7.77352334907658
7942.6	-0.000107732261456053	-8.0184270021727
6311.1	-9.13097770144511e-05	-8.21804970634787
5011.18	-8.70001195421034e-05	-8.62447391338953
3980.93	-7.98319914168847e-05	-8.61745167266661
3162.67	-6.21517129385716e-05	-8.88672341632566
2511.16	-5.25790809482606e-05	-9.04025782260651
1995.37	-4.23434155393324e-05	-9.13545020103225
1584.49	-3.16732376535263e-05	-9.3001159271958
1259.04	-2.50436649217448e-05	-9.44875284869235
999.95	-2.06125696878355e-05	-9.56568904133018
794.163	-1.34914850211627e-05	-9.57462924953944
630.984	-6.9357093185382e-06	-9.54803665745888
501.303	-4.88715919635367e-06	-9.30920388066949
398.209	1.78088650152422e-06	-9.47499405290935
316.113	1.02704116718638e-05	-9.56623045869838
251.185	1.2746879941049e-05	-9.60204988764524
199.495	1.59443829686578e-05	-9.60341695683951
158.533	1.57310109589124e-05	-9.58957975214198
125.911	1.60389271878303e-05	-9.59998045532841
100.009	1.67112707465067e-05	-9.56926753754067
79.4083	1.80689416686076e-05	-9.55177958653417
63.0971	2.03636214483487e-05	-9.50220620952873
50.0083	1.89827461943564e-05	-9.52068490504232
40.0059	1.95996851835518e-05	-9.57880935585686
31.5793	2.23080114477204e-05	-9.44917585923105
24.9911	2.08109672028714e-05	-9.36917494042628
20.0011	2.07529638711667e-05	-9.17342919669953
15.7934	2.15265927546603e-05	-9.03450770248871
12.5002	2.57743442438779e-05	-8.71719420038787
9.9987	2.40638432607273e-05	-8.30016413196929
7.89389	2.70800510598002e-05	-7.65933007884115
6.31623	2.86760357043085e-05	-6.64429192813018
4.99748	2.59219443699943e-05	-6.00859355439453
3.97302	2.61612283701642e-05	-5.42806160970021
3.15718	2.26319253604436e-05	-4.41420654408387
2.51085	8.95702662461736e-06	-4.00522869315646
1.99489	1.06416784178352e-05	-3.38024779573197
1.58325	1.07093598760065e-05	-2.88697184999178
1.25729	1.22719897972843e-05	-2.62332209436258
1.00006	0.000104575252054679	-2.28110895919173
0.794599	0.000104937823150838	-2.10378897399776
0.631058	0.000107336295198739	-1.98628342071668
0.501187	0.000107768967860579	-1.88324159792741
0.398272	0.000109906060711779	-1.92867741070752
0.316296	0.000120517660281291	-1.99445738446926
0.251206	0.000122501390597978	-2.20353713845927
0.199461	0.000123527446974116	-2.54125537315286
0.158526	0.000120039278263412	-2.76383356978676
0.125872	0.000121775008905267	-3.13048206382693
0.099994	0.000122067335410285	-3.61345222815161
0.079449	0.00012522064973768	-4.1209186672356
0.063103	0.00012543696441216	-5.16818633092976
0.050134	0.000137817994343944	-5.37071076250609
0.039809	0.000141215695263166	-6.57708365344004
0.031626	0.000140968742685658	-8.48222923344448
0.025116	0.000143378638824379	-9.93734661044525
0.019954	0.00014351000065229	-9.9600438447866
100007	-0.000280131366524471	2.14076316753725
79433.6	-0.000238524838505771	0.203383125846492
63105.5	-0.000160035822090707	-1.78405782543634
50123.7	-9.8783551193122e-05	-3.25123741585819
39811.2	-7.55677898847628e-05	-4.39533794756074
31634.1	-1.79710775882152e-05	-5.57999352425538
25123.7	2.96757739458595e-05	-6.11856663914381
19954.4	6.84212442352619e-05	-6.70276261378399
15852.9	5.82287422652397e-05	-7.40456343552321
12587.2	6.52047381784959e-05	-7.81256914282413
9998.2	8.56686703414642e-05	-8.11047771785246
7942.6	0.000103201368725723	-8.48322701717679
6311.1	0.000122180463854259	-8.66116895681533
5011.18	0.000136256535656781	-8.95181878171045
3980.93	0.000157673331555869	-9.15177638894374
3162.67	0.000165347732283873	-9.32477676663404
2511.16	0.000173611495293613	-9.4638841472683
1995.37	0.000178815727470207	-9.51817588234912
1584.49	0.000191393815409208	-9.65140171796953
1259.04	0.0001967703013093	-9.81794276000152
999.95	0.000199822752145948	-9.93922345978637
794.163	0.000203697031879758	-9.95649846061632
630.984	0.000209595349953361	-9.94846934027311
501.303	0.000220403419319246	-9.64494369797378
398.209	0.000226375000880165	-9.81263095806681
316.113	0.00023175015137796	-9.86709443755136
251.185	0.000232566870448609	-9.87587212299595
199.495	0.000236478415497653	-9.87723919219021
158.533	0.000237880089067099	-9.84392489584245
125.911	0.000239352879525151	-9.84392489584245
100.009	0.000244181607102456	-9.82454232479064
79.4083	0.000242145089663036	-9.76594568970083
63.0971	0.000244458151775706	-9.67344282624566
50.0083	0.000246147356827349	-9.64887699108824
40.0059	0.00024747512816456	-9.61669136623802
31.5793	0.000251484235404186	-9.31373155958494
24.9911	0.000248503820058712	-9.12913446607828
20.0011	0.000252264062959993	-8.8771247156773
15.7934	0.00025195111786831	-8.4262411870857
12.5002	0.000248033549160442	-8.15056865081324
9.9987	0.000247745265249253	-7.67988828370177
7.89389	0.000248075871654194	-7.12862068918994
6.31623	0.000249208237816623	-5.92103884039472
4.99748	0.000249075398481426	-5.1627954822031
3.97302	0.000249109477623646	-4.76032388102442
3.15718	0.000246771417627673	-3.78902506443572
2.51085	0.000241419985134388	-3.55241699889737
1.99489	0.000235931155408262	-3.04886111396308
1.58325	0.00023610903084193	-2.72691388194385
1.25729	0.000234279933592686	-2.67800678675558
1.00006	0.000321531987662931	-2.60627232969076
0.794599	0.000321644663574188	-2.7663663516489
0.631058	0.00032267672791752	-2.72727927720328
0.501187	0.000322931411940353	-2.69335804701085
0.398272	0.000323952582568267	-2.85470624998112
0.316296	0.000327391802660303	-2.83786472818316
0.251206	0.000329918094168886	-3.08999576283056
0.199461	0.000328347103452761	-3.75723720607023
0.158526	0.000329525954839616	-4.09894614920035
0.125872	0.000329778166432581	-4.5134040954618
0.099994	0.000329736939641779	-5.37317029881433
0.079449	0.000328972646183764	-6.08501525860765
0.063103	0.00032861280975837	-7.09984476462136
0.050134	0.000329262981058266	-7.73792119195313
0.039809	0.000327101944364037	-9.02255666687134
0.031626	0.000323655260214927	-10.6529274524964
0.025116	0.000319640927532653	-12.186762169044
0.019954	0.000302912508179859	-13.6057628945662
100007	-0.000185904492981176	2.43360133407462
79433.6	-0.00013592033971929	0.179087987241744
63105.5	-7.77145217647866e-05	-1.71704583536649
50123.7	-4.23606395800391e-06	-3.28533527253419
39811.2	4.30716552511437e-05	-4.41049249907784
31634.1	9.36588031898155e-05	-5.34242638489535
25123.7	0.000126529943450985	-6.32371516308066
19954.4	0.000161052454796637	-6.81080139302011
15852.9	0.000148977306399925	-7.23607705522485
12587.2	0.000165029529364788	-7.88267214461507
9998.2	0.000175367238475165	-8.10751842040414
7942.6	0.000201657762398571	-8.52017737895916
6311.1	0.000210389967495818	-8.66474795120142
5011.18	0.000225498015709321	-8.98451909945528
3980.93	0.000247370935460986	-8.80216801076075
3162.67	0.00025504214315767	-9.15307245768242
2511.16	0.000265783638938189	-9.48511697951539
1995.37	0.000270183863449763	-9.53714567418634
1584.49	0.000277187839772957	-9.62503525442768
1259.04	0.000281161245545644	-9.81779291757925
999.95	0.000287981609674081	-9.8865844298865
794.163	0.000292790458746289	-9.89310450585667
630.984	0.000301625139187915	-9.9241748912572
501.303	0.000305168239769104	-9.37732744509919
398.209	0.000308818127875422	-9.79584108286201
316.113	0.0003144767597267	-9.57180803885282
251.185	0.000318512080130457	-9.58077618326296
199.495	0.00032300881693177	-9.55765974601794
158.533	0.000323790469982968	-9.53773013255414
125.911	0.000324202511137085	-9.52220558353549
100.009	0.000325114955182642	-9.43413272561709
79.4083	0.000326535224599172	-9.39979234060048
63.0971	0.000327686144627151	-9.30744746444615
50.0083	0.00032998712294081	-9.24233561612141
40.0059	0.000331500555408453	-9.13716439579764
31.5793	0.000332341277095096	-8.89111342794649
24.9911	0.000333922492068945	-8.4499137985013
20.0011	0.000334108189685606	-8.12779389277435
15.7934	0.000334497978275234	-7.6609120564102
12.5002	0.000335099357095316	-7.16388995517166
9.9987	0.000334911170486639	-6.50765207082838
7.89389	0.000335130016649853	-5.96416294993153
6.31623	0.000336029200892792	-5.07287843343147
4.99748	0.000333789827890752	-4.35690558319734
3.97302	0.000331492873529793	-4.02630333210227
3.15718	0.000326956138788947	-3.28547995007095
2.51085	0.000320331499216652	-3.12350647136013
1.99489	0.000320331965408471	-2.59760792370897
1.58325	0.000319308244186291	-2.41691693850121
1.25729	0.000323547980517446	-2.12268187630652
1.00006	0.000406332343155972	-2.18307726843226
0.794599	0.000407353006849714	-2.18675654596161
0.631058	0.00040776835531014	-2.16229654420351
0.501187	0.000409045398688025	-2.09732294170704
0.398272	0.000410837162286643	-2.2662352223351
0.316296	0.000416298931534466	-2.42293503907659
0.251206	0.000417452609413975	-2.65080667711847
0.199461	0.000421879766900618	-2.92232551543358
0.158526	0.000427898249309834	-3.15062729437127
0.125872	0.000422760660551729	-3.63572617641774
0.099994	0.000429198101838231	-4.17981604713386
0.079449	0.000431592859081553	-4.74569482788353
0.063103	0.000429338829332112	-5.5998947338355
0.050134	0.000430083408139629	-6.2528189339248
0.039809	0.000431973005032108	-7.40589396534342
0.031626	0.000431020510560552	-8.34275776154305
0.025116	0.000429460765156874	-10.3985305377266
0.019954	0.000428693829950001	-10.9396012404574
